function style = default()
style.figure.Position = 				[2.25606      2.93006      40.6091      52.7411];
style.figure.ColorMap = 				[0.9        0.18        0.18;...
										0.9     0.22114        0.18;...
										0.9     0.26229        0.18;...
										0.9     0.30343        0.18;...
										0.9     0.34457        0.18;...
										0.9     0.38571        0.18;...
										0.9     0.42686        0.18;...
										0.9       0.468        0.18;...
										0.9     0.50914        0.18;...
										0.9     0.55029        0.18;...
										0.9     0.59143        0.18;...
										0.9     0.63257        0.18;...
										0.9     0.67371        0.18;...
										0.9     0.71486        0.18;...
										0.9       0.756        0.18;...
										0.9     0.79714        0.18;...
										0.9     0.83829        0.18;...
										0.9     0.87943        0.18;...
										0.87943         0.9        0.18;...
										0.83829         0.9        0.18;...
										0.79714         0.9        0.18;...
										0.756         0.9        0.18;...
										0.71486         0.9        0.18;...
										0.67371         0.9        0.18;...
										0.63257         0.9        0.18;...
										0.59143         0.9        0.18;...
										0.55029         0.9        0.18;...
										0.50914         0.9        0.18;...
										0.468         0.9        0.18;...
										0.42686         0.9        0.18;...
										0.38571         0.9        0.18;...
										0.34457         0.9        0.18;...
										0.30343         0.9        0.18;...
										0.26229         0.9        0.18;...
										0.22114         0.9        0.18;...
										0.18         0.9        0.18;...
										0.18         0.9     0.22114;...
										0.18         0.9     0.26229;...
										0.18         0.9     0.30343;...
										0.18         0.9     0.34457;...
										0.18         0.9     0.38571;...
										0.18         0.9     0.42686;...
										0.18         0.9       0.468;...
										0.18         0.9     0.50914;...
										0.18         0.9     0.55029;...
										0.18         0.9     0.59143;...
										0.18         0.9     0.63257;...
										0.18         0.9     0.67371;...
										0.18         0.9     0.71486;...
										0.18         0.9       0.756;...
										0.18         0.9     0.79714;...
										0.18         0.9     0.83829;...
										0.18         0.9     0.87943;...
										0.18     0.87943         0.9;...
										0.18     0.83829         0.9;...
										0.18     0.79714         0.9;...
										0.18       0.756         0.9;...
										0.18     0.71486         0.9;...
										0.18     0.67371         0.9;...
										0.18     0.63257         0.9;...
										0.18     0.59143         0.9;...
										0.18     0.55029         0.9;...
										0.18     0.50914         0.9;...
										0.18       0.468         0.9];
style.axes.XGrid = 						'off';
style.axes.YGrid = 						'off';
style.axes.GridLineStyle = 				':';
style.axes.XMinorGrid = 				'off';
style.axes.YMinorGrid = 				'off';
style.axes.MinorGridLineStyle = 		':';
style.axes.XMinorTick = 				'off';
style.axes.YMinorTick = 				'off';
style.axes.TickDir = 					'out';
style.axes.XAxisLocation = 				'bottom';
style.axes.YAxisLocation = 				'left';
style.axes.XDir = 						'normal';
style.axes.YDir = 						'normal';
style.axes.Box = 						'off';
style.axes.LineWidth = 					[2];
style.axes.ActivePositionProperty = 	'outerposition';
style.axes.Units = 						'normalized';
style.axes.FontSize = 					[20];
style.axes.FontName = 					'Arial';
style.axes.FontWeight = 				'normal';
style.axes.FontUnits = 					'points';
style.axes.FontAngle = 					'normal';
style.axes.Title.FontSize = 			[24];
style.axes.Title.FontName = 			'Arial';
style.axes.Title.FontWeight = 			'bold';
style.axes.Title.FontUnits = 			'points';
style.axes.Title.FontAngle = 			'normal';
style.axes.TickLength = 				[0.02        0.02];
style.axes.XColor = 					[0.1         0.1         0.1];
style.axes.YColor = 					[0.1         0.1         0.1];
style.labels.FontSize = 				[20];
style.labels.FontName = 				'Arial';
style.labels.FontWeight = 				'normal';
style.labels.FontUnits = 				'points';
style.labels.FontAngle = 				'normal';
style.labels.XLabel = 					'label of x axis';
style.labels.YLabel = 					'label of y axis';
style.labels.ZLabel = 					'label of z axis';
style.labels.Interpreter = 				'latex';
style.legend.addDefault = 				false;
style.colorbar.axes.Location = 			'EastOutside';
style.colorbar.labels.YLabel = 			'Color label';
style.colorbar.labels.fYLabelRotation = [270];
style.colorbar.labels.FontSize = 		[20];
style.colorbar.labels.FontName = 		'Arial';
style.colorbar.labels.FontWeight = 		'normal';
style.colorbar.labels.FontUnits = 		'points';
style.colorbar.labels.FontAngle = 		'normal';
style.colorbar.labels.VerticalAlignment = 'bottom';
style.colorbar.AlphaDataMapping = 		'none';
style.bar.FaceColor = 					[0.5         0.5           1;...
										0.25         0.5        0.25;...
										1         0.5         0.5;...
										0.375        0.75        0.75;...
										0.75       0.375        0.75;...
										0.75        0.75       0.375;...
										0.25        0.25        0.25];
style.bar.EdgeColor = 					[0           0         0.5;...
										0        0.25           0;...
										0.5           0           0;...
										0       0.375       0.375;...
										0.375           0       0.375;...
										0.375       0.375           0;...
										0.125       0.125       0.125];
style.bar.LineWidth = 					[2];
style.bar.errorBar.width = 				[3];
style.bar.errorBar.Color = 				[0  0  0];
style.line.LineWidth = 					[2];
style.line.Color = 						[0.5         0.5           1;...
										0.25         0.5        0.25;...
										1         0.5         0.5;...
										0.375        0.75        0.75;...
										0.75       0.375        0.75;...
										0.75        0.75       0.375;...
										0.25        0.25        0.25];
style.regressionLine.LineWidth = 		[2];
style.errorbar.width = 					[1];
style.errorbar.LineWidth = 				[2.5];
style.errorbar.Color = 					[0.5         0.5           1;...
										0.25         0.5        0.25;...
										1         0.5         0.5;...
										0.375        0.75        0.75;...
										0.75       0.375        0.75;...
										0.75        0.75       0.375;...
										0.25        0.25        0.25];
style.errorbar.Nudge = 					true;
style.shaded.LineWidth = 				[2];
style.shaded.FaceColor = 				[0.5         0.5           1;...
										0.25         0.5        0.25;...
										1         0.5         0.5;...
										0.375        0.75        0.75;...
										0.75       0.375        0.75;...
										0.75        0.75       0.375;...
										0.25        0.25        0.25];
style.shaded.EdgeColor = 				[0           0         0.5;...
										0        0.25           0;...
										0.5           0           0;...
										0       0.375       0.375;...
										0.375           0       0.375;...
										0.375       0.375           0;...
										0.125       0.125       0.125];
style.scatter.Marker = 					'o';
style.scatter.MarkerSize = 				[6];
style.scatter.MarkerFaceColor = 		[0.5         0.5           1;...
										0.25         0.5        0.25;...
										1         0.5         0.5;...
										0.375        0.75        0.75;...
										0.75       0.375        0.75;...
										0.75        0.75       0.375;...
										0.25        0.25        0.25];
style.scatter.MarkerEdgeColor = 		[0           0         0.5;...
										0        0.25           0;...
										0.5           0           0;...
										0       0.375       0.375;...
										0.375           0       0.375;...
										0.375       0.375           0;...
										0.125       0.125       0.125];
style.surf.FaceColor = 					'texturemap';
style.surf.EdgeColor = 					'none';
style.surf.FaceLighting = 				'gouraud';
style.surf.axes.XGrid = 				'on';
